t,follower_phase_rad,follower_frequency_hz,estimated_leader_phase_rad,phase_error_rad,coupling_term,follower_led_state,sync_state,loop_dt_ms,model_update_time_ms,cpu_percent,process_cpu_time_s,memory_rss_mb,cpu_temperature_c
2e-06,0.0,1.8,0.0,0.0,0.0,0,0,0.002,0.01,0.0,0.0631,189.28,46.3
0.065189,2.2e-05,1.8,0.0,-2.2e-05,-2.2e-05,0,0,65.187,0.01,0.0,0.1271,189.28,46.9
0.12554,0.737265,1.8,0.0,-0.737265,-0.672265,0,0,60.351,0.011,0.0,0.1906,189.28,46.3
0.185461,1.277813,1.8,0.0,-1.277813,-0.957387,0,0,59.921,0.01,0.0,0.2541,189.28,46.9
0.246032,1.754717,1.8,0.0,-1.754717,-0.983134,0,0,60.572,0.01,0.0,0.3171,189.28,48.0
0.305847,2.231342,1.8,0.0,-2.231342,-0.789658,0,0,59.815,0.011,0.0,0.3807,189.28,46.9
0.36943,2.742516,1.8,0.0,-2.742516,-0.388567,0,0,63.583,0.01,0.0,0.4455,189.28,47.4
0.436543,3.375146,1.8,0.0,2.908039,0.231436,0,0,67.113,0.01,0.0,0.5095,189.28,48.0
0.502587,4.188537,1.8,0.0,2.094648,0.865899,0,0,66.044,0.01,0.0,0.5741,189.28,47.4
0.563066,5.135636,1.8,0.0,1.147549,0.91176,0,0,60.479,0.01,0.0,0.6387,189.28,48.0
0.623799,6.01263,1.8,0.0,0.270555,0.267267,1,0,60.733,0.01,0.0,0.7031,189.28,48.0
0.683679,0.473131,1.8,0.752485,0.279354,0.275734,0,0,59.881,0.01,0.0,0.7678,189.28,46.3
0.743177,1.208157,1.8,1.500153,0.291997,0.287865,0,0,59.498,0.01,0.0,0.8322,189.28,48.5
0.804038,1.941004,1.8,2.264953,0.32395,0.318313,0,0,60.861,0.01,0.0,0.8965,189.28,45.8
0.867542,2.697129,1.8,3.062971,0.365843,0.357736,0,0,63.504,0.01,0.0,0.9622,189.28,46.9
0.935426,3.494857,1.8,3.916031,0.421174,0.408832,0,0,67.884,0.01,0.0,1.0269,189.28,48.0
1.001614,4.359747,1.8,4.747768,0.388021,0.378357,0,0,66.188,0.01,0.0,1.0922,189.28,48.0
1.061961,5.195959,1.8,5.506113,0.310154,0.305205,0,0,60.347,0.01,0.0,1.1569,189.28,46.9
1.122237,5.942934,1.8,0.0,0.340252,0.333724,1,0,60.276,0.011,0.0,1.2214,189.28,48.0
1.182468,0.411852,1.8,0.75926,0.347408,0.340462,0,0,60.231,0.009,0.0,1.2859,189.28,48.0
1.242369,1.164825,1.8,1.51436,0.349535,0.342461,0,0,59.901,0.01,0.0,1.3509,189.28,46.9
1.30277,1.91409,1.8,2.275762,0.361673,0.353839,0,0,60.401,0.009,0.0,1.4159,189.28,46.3
1.365752,2.672015,1.8,3.069695,0.39768,0.387281,0,0,62.982,0.01,0.0,1.4807,189.28,46.9
1.433254,3.469692,1.8,3.920601,0.450909,0.435784,0,0,67.501,0.01,0.0,1.5447,189.28,46.9
1.499255,4.336072,1.8,4.752603,0.416531,0.404591,0,0,66.002,0.011,0.0,1.6083,189.28,47.4
1.559645,5.175998,1.8,5.513863,0.337865,0.331474,0,0,60.39,0.009,0.0,1.6722,189.28,46.3
1.619922,5.929053,1.8,0.0,0.354132,0.346777,1,0,60.277,0.011,0.0,1.7378,189.28,46.9
1.680489,0.400743,1.8,0.764061,0.363318,0.355378,0,0,60.566,0.01,0.0,1.8013,189.28,46.9
1.739864,1.161066,1.8,1.513099,0.352032,0.344806,0,0,59.375,0.01,0.0,1.8648,189.28,46.9
1.800108,1.904242,1.8,2.273093,0.36885,0.360543,0,0,60.244,0.01,0.0,1.9286,189.28,48.0
1.863361,2.661607,1.8,3.071045,0.409438,0.398093,0,0,63.253,0.01,0.0,1.9927,189.28,48.0
1.930343,3.465112,1.8,3.916049,0.450936,0.435808,0,0,66.983,0.01,0.0,2.0575,189.28,48.5
1.997185,4.324838,1.8,4.759278,0.43444,0.420903,0,0,66.842,0.009,0.0,2.1224,189.28,47.4
2.057948,5.179272,1.8,5.525817,0.346545,0.33965,0,0,60.763,0.01,0.0,2.1852,189.28,47.4
2.116776,5.938716,1.8,0.0,0.34447,0.337698,1,0,58.828,0.011,0.0,2.2491,189.28,48.0
2.178057,0.390392,1.8,0.773659,0.383267,0.373952,0,0,61.281,0.009,0.0,2.3124,189.28,47.4
2.237583,1.163669,1.8,1.525161,0.361492,0.35367,0,0,59.526,0.01,0.0,2.3767,189.28,46.9
2.298052,1.910574,1.8,2.288573,0.378,0.369062,0,0,60.469,0.01,0.0,2.4399,189.28,46.9
2.360464,2.672573,1.8,3.076515,0.403941,0.393046,0,0,62.412,0.01,0.0,2.5055,189.28,48.0
2.429219,3.464296,1.8,3.944533,0.480238,0.46199,0,0,68.755,0.01,0.0,2.5694,189.28,46.9
2.494947,4.353071,1.8,4.774331,0.421261,0.408911,0,0,65.728,0.009,0.0,2.6328,189.28,48.0
2.555334,5.190501,1.8,5.536702,0.346202,0.339327,0,0,60.387,0.01,0.0,2.6973,189.28,47.4
2.61564,5.945176,1.8,0.0,0.338009,0.331609,1,0,60.306,0.011,0.0,2.7603,189.28,47.4
2.675313,0.414032,1.8,0.7528,0.338768,0.332325,0,1,59.674,0.009,0.0,2.8239,189.28,48.0
2.735787,1.158334,1.8,1.515685,0.357351,0.349794,0,1,60.473,0.009,0.0,2.8874,189.28,48.5
2.795595,1.916305,1.8,2.270179,0.353875,0.346535,0,1,59.808,0.033,0.0,2.9509,189.28,47.4
2.85876,2.665257,1.8,3.067029,0.401771,0.391049,0,1,63.165,0.009,0.0,3.0161,189.28,45.8
2.926281,3.466094,1.8,3.918821,0.452727,0.437419,0,1,67.521,0.01,0.0,3.0802,189.28,47.4
2.993083,4.333108,1.8,4.761548,0.428441,0.415453,0,1,66.802,0.01,0.0,3.1436,189.28,45.8
3.053238,5.185758,1.8,5.520424,0.334666,0.328453,0,1,60.155,0.01,0.0,3.2071,189.28,46.3
3.113615,5.935252,1.8,0.0,0.347933,0.340955,1,1,60.376,0.011,0.0,3.2709,189.28,46.3
3.173716,0.406959,1.8,0.758331,0.351372,0.344186,0,1,60.102,0.01,0.0,3.3348,189.28,47.4
3.233473,1.159093,1.8,1.512307,0.353213,0.345914,0,1,59.756,0.01,0.0,3.3982,189.28,46.9
3.294044,1.907271,1.8,2.276568,0.369297,0.36096,0,1,60.572,0.009,0.0,3.4616,189.28,46.9
3.357842,2.668844,1.8,3.081527,0.412683,0.401068,0,1,63.797,0.01,0.0,3.5261,189.28,46.9
3.426193,3.479927,1.8,3.943953,0.464026,0.447552,0,1,68.352,0.01,0.0,3.5909,189.28,46.9
3.494164,4.360035,1.8,4.801575,0.44154,0.427332,0,1,67.971,0.01,0.0,3.6571,189.28,46.9
3.554981,5.230431,1.8,5.568923,0.338492,0.332065,0,1,60.816,0.009,0.0,3.7214,189.28,48.5
3.61481,5.988929,1.8,0.0,0.294257,0.290028,1,1,59.83,0.01,0.0,3.7858,189.28,47.4
3.675082,0.443134,1.8,0.760118,0.316984,0.311702,0,1,60.271,0.01,0.0,3.8503,189.28,47.4
3.735328,1.190539,1.8,1.519925,0.329386,0.323462,0,1,60.247,0.01,0.0,3.9142,189.28,47.4
3.795071,1.940119,1.8,2.273383,0.333264,0.327129,0,1,59.743,0.01,0.0,3.9793,189.28,46.9
3.859511,2.684203,1.8,3.086074,0.401872,0.391141,0,1,64.44,0.01,0.0,4.0447,189.28,46.9
3.927055,3.501219,1.8,3.937907,0.436689,0.422941,0,1,67.544,0.009,0.0,4.1098,189.28,46.9
3.994668,4.365103,1.8,4.790619,0.425516,0.412791,0,1,67.613,0.01,0.0,4.1741,189.28,47.4
4.055013,5.227475,1.8,5.551663,0.324187,0.318538,0,1,60.345,0.011,0.0,4.238,189.28,48.0
4.114796,5.977236,1.8,0.0,0.30595,0.301199,1,1,59.783,0.01,0.0,4.304,189.28,47.4
4.176359,0.433201,1.8,0.77605,0.342849,0.336172,0,1,61.563,0.01,0.0,4.3685,189.28,49.0
4.235576,1.201899,1.8,1.522525,0.320626,0.31516,0,1,59.217,0.01,0.0,4.4333,189.28,46.9
4.295884,1.936948,1.8,2.282753,0.345805,0.338954,0,1,60.308,0.01,0.0,4.4978,189.28,48.0
4.359723,2.690561,1.8,3.087497,0.396935,0.386593,0,1,63.839,0.01,0.0,4.5624,189.28,46.9
4.426939,3.498948,1.8,3.934805,0.435857,0.422188,0,1,67.216,0.01,0.0,4.6283,189.28,48.0
4.493904,4.358466,1.8,4.778939,0.420473,0.408192,0,1,66.964,0.009,0.0,4.693,189.28,46.3
4.554168,5.211483,1.8,5.538614,0.327131,0.321327,0,1,60.264,0.01,0.0,4.7574,189.28,48.5
4.61403,5.96083,1.8,0.0,0.322355,0.316801,1,1,59.862,0.01,0.0,4.8227,189.28,47.4
4.67478,0.421048,1.8,0.765467,0.344419,0.33765,0,1,60.75,0.01,0.0,4.887,189.28,46.9
4.734153,1.179901,1.8,1.513589,0.333688,0.32753,0,1,59.373,0.01,0.0,4.9517,189.28,48.0
4.794156,1.919457,1.8,2.269649,0.350192,0.343078,0,1,60.003,0.01,0.0,5.0157,189.28,46.9
4.857804,2.670124,1.8,3.071646,0.401521,0.390819,0,1,63.649,0.01,0.0,5.0802,189.28,47.4
4.925285,3.477037,1.8,3.921923,0.444886,0.430355,0,1,67.48,0.01,0.0,5.1446,189.28,48.0
4.992506,4.341864,1.8,4.768938,0.427075,0.41421,0,1,67.221,0.009,0.0,5.2099,189.28,48.5
5.053536,5.199573,1.8,5.53794,0.338367,0.331947,0,1,61.03,0.01,0.0,5.2747,189.28,48.0
5.113268,5.960713,1.8,0.0,0.322472,0.316913,1,1,59.732,0.011,0.0,5.3386,189.28,47.4
5.173403,0.419337,1.8,0.757401,0.338064,0.331661,0,1,60.135,0.01,0.0,5.403,189.28,46.9
5.233779,1.169254,1.8,1.517834,0.34858,0.341563,0,1,60.376,0.01,0.0,5.4675,189.28,48.0
5.294337,1.924266,1.8,2.28056,0.356294,0.348803,0,1,60.558,0.01,0.0,5.5317,189.28,48.0
5.357798,2.683089,1.8,3.079851,0.396763,0.386435,0,1,63.461,0.01,0.0,5.5977,189.28,46.3
5.425095,3.486648,1.8,3.927457,0.440809,0.426671,0,1,67.297,0.01,0.0,5.6622,189.28,47.4
5.492103,4.348257,1.8,4.771427,0.42317,0.410653,0,1,67.008,0.01,0.0,5.7271,189.28,46.9
5.553473,5.202414,1.8,5.544375,0.341962,0.335336,0,1,61.369,0.01,0.0,5.7914,189.28,48.0
5.613023,5.968514,1.8,0.0,0.314671,0.309504,1,1,59.55,0.011,0.0,5.8556,189.28,46.9
5.673215,0.423329,1.8,0.757846,0.334517,0.328313,0,1,60.193,0.01,0.0,5.921,189.28,46.9
5.73342,1.173261,1.8,1.515836,0.342575,0.335914,0,1,60.204,0.01,0.0,5.9856,189.28,48.0
5.793489,1.924936,1.8,2.272128,0.347192,0.340259,0,1,60.069,0.01,0.0,6.0497,189.28,46.9
5.857364,2.675841,1.8,3.076336,0.400494,0.389874,0,1,63.875,0.01,0.0,6.1138,189.28,46.9
5.924564,3.485413,1.8,3.922399,0.436987,0.423211,0,1,67.2,0.01,0.0,6.1774,189.28,47.4
5.991737,4.34496,1.8,4.768132,0.423172,0.410655,0,1,67.173,0.009,0.0,6.2423,189.28,48.5
6.053428,5.201219,1.8,5.544848,0.343628,0.336906,0,1,61.691,0.01,0.0,6.3061,189.28,48.0
6.113464,5.971678,1.8,0.0,0.311507,0.306494,1,1,60.036,0.01,0.0,6.3697,189.28,48.0
6.173041,0.431881,1.8,0.749811,0.31793,0.312601,0,1,59.577,0.01,0.0,6.433,189.28,46.9
6.233021,1.170863,1.8,1.504694,0.33383,0.327664,0,1,59.98,0.009,0.0,6.4959,189.28,48.5
6.29294,1.918006,1.8,2.258814,0.340808,0.334248,0,1,59.919,0.01,0.0,6.5604,189.28,46.9
6.357443,2.665776,1.8,3.070627,0.404851,0.393882,0,1,64.503,0.01,0.0,6.6249,189.28,46.9
6.42543,3.484215,1.8,3.926285,0.44207,0.427811,0,1,67.987,0.01,0.0,6.6892,189.28,47.4
6.492664,4.354931,1.8,4.772459,0.417527,0.405502,0,1,67.234,0.01,0.0,6.7537,189.28,48.0
6.553323,5.210746,1.8,5.535892,0.325147,0.319448,0,1,60.659,0.01,0.0,6.8177,189.28,46.9
6.613647,5.964608,1.8,0.0,0.318578,0.313216,1,1,60.324,0.01,0.0,6.8816,189.28,48.0
6.673134,0.429802,1.8,0.748281,0.318479,0.313123,0,1,59.486,0.009,0.0,6.9448,189.28,47.4
6.733027,1.167769,1.8,1.501684,0.333915,0.327744,0,1,59.894,0.009,0.0,7.008,189.28,48.0
6.793383,1.913853,1.8,2.260905,0.347053,0.340128,0,1,60.356,0.01,0.0,7.0715,189.28,47.4
6.857271,2.668314,1.8,3.064556,0.396242,0.385954,0,1,63.888,0.009,0.0,7.1366,189.28,48.0
6.925182,3.477174,1.8,3.918814,0.44164,0.427423,0,1,67.911,0.01,0.0,7.201,189.28,48.0
6.99097,4.346825,1.8,4.746354,0.399529,0.388984,0,1,65.787,0.01,0.0,7.2645,189.28,48.0
7.051715,5.180426,1.8,5.510474,0.330048,0.324088,0,1,60.746,0.01,0.0,7.3275,189.28,47.4
7.111378,5.936346,1.8,0.0,0.346839,0.339927,1,1,59.663,0.011,0.0,7.3903,189.28,48.0
7.171515,0.39892,1.8,0.756462,0.357541,0.349972,0,1,60.137,0.009,0.0,7.4536,189.28,46.9
7.231883,1.152711,1.8,1.515837,0.363126,0.355198,0,1,60.368,0.01,0.0,7.5183,189.28,47.4
7.292227,1.91051,1.8,2.274903,0.364392,0.356382,0,1,60.344,0.009,0.0,7.5822,189.28,47.4
7.355963,2.66825,1.8,3.076645,0.408395,0.397137,0,1,63.736,0.009,0.0,7.6469,189.28,47.4
7.423874,3.477683,1.8,3.930897,0.453214,0.437858,0,1,67.911,0.01,0.0,7.7107,189.28,45.8
7.488968,4.349809,1.8,4.749713,0.399904,0.389329,0,1,65.094,0.01,0.0,7.7745,189.28,46.9
7.549235,5.174701,1.8,5.507814,0.333114,0.326987,0,1,60.267,0.01,0.0,7.8391,189.28,48.5
7.609323,5.925278,1.8,0.0,0.357908,0.350315,1,1,60.088,0.01,0.0,7.9031,189.28,46.9
7.669387,0.395348,1.8,0.755544,0.360196,0.352458,0,1,60.064,0.01,0.0,7.9663,189.28,48.0
7.728922,1.148747,1.8,1.504443,0.355696,0.348243,0,1,59.535,0.01,0.0,8.0292,189.28,47.4
7.789073,1.894642,1.8,2.261087,0.366445,0.358299,0,1,60.151,0.01,0.0,8.0924,189.28,46.9
7.852167,2.650368,1.8,3.054742,0.404374,0.393444,0,1,63.093,0.01,0.0,8.1576,189.28,46.9
7.920258,3.450821,1.8,3.911265,0.460444,0.444346,0,1,68.091,0.01,0.0,8.221,189.28,46.9
7.985762,4.326812,1.8,4.735242,0.408431,0.39717,0,1,65.504,0.01,0.0,8.2848,189.28,48.5
8.046145,5.158701,1.8,5.494798,0.336098,0.329806,0,1,60.383,0.01,0.0,8.3484,189.28,48.5
8.106775,5.911313,1.8,0.0,0.371872,0.36336,1,1,60.631,0.011,0.0,8.4116,189.28,48.5
8.166584,0.390953,1.8,0.752336,0.361383,0.353569,0,1,59.809,0.01,0.0,8.4757,189.28,48.0
8.226486,1.141386,1.8,1.505846,0.364459,0.356444,0,1,59.902,0.009,0.0,8.5392,189.28,47.4
8.287074,1.893593,1.8,2.267986,0.374394,0.365708,0,1,60.588,0.01,0.0,8.603,189.28,48.0
8.350336,2.656379,1.8,3.063761,0.407382,0.396207,0,1,63.262,0.01,0.0,8.6682,189.28,46.9
8.418203,3.459582,1.8,3.917464,0.457882,0.442049,0,1,67.867,0.009,0.0,8.7322,189.28,48.5
8.484782,4.332143,1.8,4.754959,0.422817,0.410331,0,1,66.579,0.01,0.0,8.7964,189.28,47.4
8.545257,5.180747,1.8,5.515682,0.334935,0.328708,0,1,60.475,0.01,0.0,8.86,189.28,48.0
8.605613,5.934282,1.8,0.0,0.348903,0.341867,1,1,60.356,0.01,0.0,8.9236,189.28,46.9
8.666061,0.405919,1.8,0.760781,0.354862,0.347461,0,1,60.449,0.01,0.0,8.9875,189.28,47.4
8.72603,1.163089,1.8,1.515522,0.352434,0.345183,0,1,59.969,0.01,0.0,9.0513,189.28,48.0
8.785886,1.913769,1.8,2.268852,0.355083,0.347668,0,1,59.856,0.01,0.0,9.1156,189.28,48.0
8.848893,2.663565,1.8,3.061828,0.398262,0.387817,0,1,63.007,0.01,0.0,9.1801,189.28,48.5
8.916753,3.461676,1.8,3.91589,0.454214,0.438756,0,1,67.86,0.01,0.0,9.2438,189.28,48.0
8.983449,4.333369,1.8,4.755291,0.421923,0.409515,0,1,66.695,0.01,0.0,9.3073,189.28,48.0
9.044401,5.18327,1.8,5.522408,0.339138,0.332674,0,1,60.952,0.01,0.0,9.3706,189.28,48.5
9.104385,5.943591,1.8,0.0,0.339594,0.333105,1,1,59.985,0.011,0.0,9.4347,189.28,48.5
9.164072,0.40875,1.8,0.751491,0.342741,0.33607,0,1,59.686,0.01,0.0,9.4981,189.28,48.0
9.224596,1.153993,1.8,1.513529,0.359535,0.351839,0,1,60.524,0.01,0.0,9.562,189.28,48.5
9.285397,1.913037,1.8,2.279053,0.366017,0.357899,0,1,60.801,0.01,0.0,9.6256,189.28,48.0
9.347928,2.676842,1.8,3.066363,0.389521,0.379746,0,1,62.531,0.01,0.0,9.6903,189.28,46.9
9.415669,3.467166,1.8,3.919257,0.452091,0.436848,0,1,67.74,0.01,0.0,9.7551,189.28,45.8
9.482425,4.336863,1.8,4.759764,0.422901,0.410408,0,1,66.756,0.01,0.0,9.8197,189.28,46.9
9.543369,5.187751,1.8,5.527091,0.33934,0.332865,0,1,60.944,0.009,0.0,9.8837,189.28,48.5
9.603554,5.948015,1.8,0.0,0.33517,0.32893,1,1,60.185,0.01,0.0,9.9474,189.28,48.5
9.663755,0.414796,1.8,0.758016,0.34322,0.336521,0,1,60.201,0.01,0.0,10.0113,189.28,48.5
9.723499,1.166555,1.8,1.510277,0.343721,0.336993,0,1,59.744,0.009,0.0,10.0753,189.28,47.4
9.783403,1.912707,1.8,2.264562,0.351855,0.34464,0,1,59.904,0.01,0.0,10.139,189.28,48.5
9.84648,2.662469,1.8,3.058791,0.396322,0.386028,0,1,63.077,0.01,0.0,10.2042,189.28,46.3
9.913729,3.461073,1.8,3.905553,0.44448,0.429989,0,1,67.249,0.01,0.0,10.2682,189.28,47.4
9.981181,4.322846,1.8,4.754878,0.432031,0.418716,0,1,67.452,0.01,0.0,10.3316,189.28,48.5
10.042217,5.184566,1.8,5.523411,0.338845,0.332398,0,1,61.036,0.01,0.0,10.3961,189.28,46.9
10.102793,5.945876,1.8,0.0,0.337309,0.330949,1,1,60.576,0.011,0.0,10.4595,189.28,48.5
10.162708,0.417955,1.8,0.754425,0.33647,0.330157,0,1,59.916,0.01,0.0,10.5239,189.28,48.0
10.223413,1.164819,1.8,1.51879,0.353971,0.346625,0,1,60.705,0.01,0.0,10.5878,189.28,48.0
10.282982,1.925022,1.8,2.268852,0.34383,0.337096,0,1,59.569,0.01,0.0,10.6512,189.28,46.9
10.345493,2.669014,1.8,3.055949,0.386935,0.377352,0,1,62.51,0.01,0.0,10.7169,189.28,46.9
10.413341,3.458548,1.8,3.910255,0.451707,0.436502,0,1,67.848,0.01,0.0,10.781,189.28,48.5
10.480682,4.329546,1.8,4.758182,0.428636,0.415631,0,1,67.341,0.009,0.0,10.8449,189.28,48.5
10.542219,5.189121,1.8,5.533021,0.3439,0.337161,0,1,61.537,0.01,0.0,10.9089,189.28,48.0
10.602304,5.957702,1.8,0.0,0.325483,0.319767,1,1,60.085,0.011,0.0,10.9732,189.28,46.3
10.66266,0.421309,1.8,0.759973,0.338663,0.332227,0,1,60.356,0.009,0.0,11.0388,189.28,48.5
10.723144,1.174102,1.8,1.521552,0.34745,0.340501,0,1,60.484,0.009,0.0,11.1023,189.28,49.0
10.782318,1.930239,1.8,2.266642,0.336403,0.330094,0,1,59.174,0.01,0.0,11.1656,189.28,46.9
10.843708,2.667849,1.8,3.039631,0.371782,0.363276,0,1,61.39,0.009,0.0,11.2298,189.28,47.4
10.910493,3.440207,1.8,3.880552,0.440345,0.426252,0,1,66.785,0.01,0.0,11.2937,189.28,46.9
10.978448,4.295162,1.8,4.736211,0.441048,0.426888,0,1,67.955,0.009,0.0,11.3589,189.28,48.5
11.040252,5.165252,1.8,5.514408,0.349156,0.342105,0,1,61.804,0.01,0.0,11.422,189.28,47.4
11.099904,5.938235,1.8,0.0,0.34495,0.33815,1,1,59.652,0.011,0.0,11.4855,189.28,48.0
11.160623,0.400298,1.8,0.764846,0.364549,0.356528,0,1,60.719,0.009,0.0,11.5494,189.28,46.9
11.220779,1.162782,1.8,1.522609,0.359827,0.352112,0,1,60.157,0.009,0.0,11.6129,189.28,47.4
11.280585,1.917275,1.8,2.275951,0.358676,0.351035,0,1,59.806,0.01,0.0,11.6769,189.28,47.4
11.341702,2.667142,1.8,3.045813,0.378671,0.369686,0,1,61.117,0.01,0.0,11.7417,189.28,46.3
11.408507,3.43744,1.8,3.887315,0.449875,0.434853,0,1,66.805,0.01,0.0,11.8053,189.28,46.9
11.475814,4.294658,1.8,4.735144,0.440486,0.426379,0,1,67.307,0.01,0.0,11.8686,189.28,47.4
11.537608,5.156325,1.8,5.513527,0.357202,0.349654,0,1,61.794,0.01,0.0,11.9321,189.28,45.8
11.597801,5.930817,1.8,0.0,0.352368,0.345122,1,1,60.193,0.011,0.0,11.9964,189.28,48.0
11.658223,0.40111,1.8,0.761787,0.360677,0.352908,0,1,60.422,0.01,0.0,12.0608,189.28,48.5
11.718853,1.1591,1.8,1.5262,0.3671,0.358911,0,1,60.63,0.01,0.0,12.125,189.28,47.4
11.778487,1.920976,1.8,2.278053,0.357078,0.349538,0,1,59.634,0.01,0.0,12.1884,189.28,48.5
11.839592,2.668378,1.8,3.048448,0.38007,0.370986,0,1,61.105,0.01,0.0,12.252,189.28,46.9
11.905201,3.438799,1.8,3.87563,0.436831,0.42307,0,1,65.609,0.01,0.0,12.3168,189.28,46.9
11.973218,4.277969,1.8,4.733169,0.4552,0.439642,0,1,68.017,0.01,0.0,12.3798,189.28,47.4
12.034365,5.151881,1.8,5.504091,0.352211,0.344974,0,1,61.147,0.01,0.0,12.4435,189.28,47.4
12.095132,5.917262,1.8,0.0,0.365923,0.357811,1,1,60.768,0.011,0.0,12.5074,189.28,48.5
12.155291,0.397444,1.8,0.758465,0.361021,0.35323,0,1,60.159,0.01,0.0,12.5716,189.28,48.5
12.21582,1.152197,1.8,1.521596,0.3694,0.361056,0,1,60.529,0.01,0.0,12.6359,189.28,48.5
12.275478,1.91325,1.8,2.273752,0.360502,0.352744,0,1,59.658,0.01,0.0,12.6992,189.28,48.0
12.336376,2.661622,1.8,3.041544,0.379922,0.370848,0,1,60.898,0.01,0.0,12.7634,189.28,46.9
12.402865,3.42941,1.8,3.879815,0.450405,0.43533,0,1,66.489,0.01,0.0,12.8271,189.28,46.3
12.470278,4.282683,1.8,4.729744,0.447061,0.432317,0,1,67.413,0.01,0.0,12.8915,189.28,47.4
12.532825,5.147112,1.8,5.518321,0.371209,0.362743,0,1,62.547,0.01,0.0,12.9563,189.28,47.4
12.593295,5.93391,1.8,0.0,0.349275,0.342217,1,1,60.47,0.011,0.0,13.0196,189.28,49.6
12.653121,0.407059,1.8,0.754107,0.347049,0.340124,0,1,59.826,0.01,0.0,13.0831,189.28,48.0
12.712978,1.154894,1.8,1.508597,0.353702,0.346373,0,1,59.856,0.01,0.0,13.1467,189.28,48.5
12.773521,1.904418,1.8,2.271745,0.367327,0.359122,0,1,60.543,0.01,0.0,13.21,189.28,47.4
12.834096,2.665246,1.8,3.035295,0.370049,0.361662,0,1,60.575,0.01,0.0,13.2754,189.28,47.4
12.900187,3.427012,1.8,3.868374,0.441362,0.427171,0,1,66.091,0.01,0.0,13.3391,189.28,46.9
12.967951,4.273297,1.8,4.72254,0.449242,0.434283,0,1,67.764,0.01,0.0,13.4022,189.28,46.9
13.029968,5.142692,1.8,5.504261,0.361569,0.353742,0,1,62.017,0.01,0.0,13.4659,189.28,46.9
13.090777,5.920868,1.8,6.270757,0.349889,0.342794,1,1,60.809,0.011,0.0,13.5295,189.28,48.0
13.151101,0.398372,1.8,0.0,-0.398372,-0.387919,0,1,60.324,0.01,0.0,13.5939,189.28,48.5
13.210703,0.998715,1.8,0.750773,-0.247942,-0.24541,0,1,59.602,0.009,0.0,13.6574,189.28,46.9
13.270655,1.621602,1.8,1.505969,-0.115633,-0.115376,0,1,59.953,0.01,0.0,13.7208,189.28,48.0
13.331908,2.275444,1.8,2.277538,0.002093,0.002093,0,1,61.253,0.01,0.0,13.7851,189.28,47.4
13.39838,2.968645,1.8,3.114852,0.146207,0.145687,0,1,66.472,0.01,0.0,13.849,189.28,48.0
13.466391,3.754322,1.8,3.971549,0.217227,0.215523,0,1,68.011,0.01,0.0,13.9135,189.28,47.4
13.529123,4.574808,1.8,4.761747,0.186938,0.185851,0,1,62.732,0.011,0.0,13.9767,189.28,47.4
13.58888,5.325092,1.8,5.514471,0.189378,0.188249,0,1,59.757,0.01,0.0,14.0404,189.28,46.9
13.649345,6.040297,1.8,0.0,0.242888,0.240507,1,1,60.465,0.011,0.0,14.1049,189.28,48.0
13.710623,0.491857,1.8,0.772346,0.280489,0.276826,0,1,61.278,0.01,0.0,14.169,189.28,47.4
13.770046,1.244266,1.8,1.521312,0.277046,0.273516,0,1,59.423,0.01,0.0,14.2331,189.28,48.0
13.830444,1.973211,1.8,2.282566,0.309355,0.304444,0,1,60.398,0.01,0.0,14.2968,189.28,48.0
13.89627,2.720653,1.8,3.112239,0.391586,0.381655,0,1,65.826,0.01,0.0,14.3612,189.28,46.3
13.964941,3.553061,1.8,3.977766,0.424705,0.412052,0,1,68.671,0.01,0.0,14.4253,189.28,48.0
14.027417,4.428748,1.8,4.765208,0.336459,0.330147,0,1,62.476,0.01,0.0,14.4898,189.28,46.9
14.088434,5.207523,1.8,5.534262,0.326739,0.320956,0,1,61.017,0.01,0.0,14.5534,189.28,48.0
14.146974,5.96615,1.8,0.0,0.317035,0.311751,1,1,58.54,0.011,0.0,14.6162,189.28,48.5
14.207461,0.408917,1.8,0.762837,0.353919,0.346577,0,1,60.487,0.01,0.0,14.6796,189.28,48.0
14.267627,1.166375,1.8,1.521639,0.355264,0.347838,0,1,60.167,0.01,0.0,14.7436,189.28,47.4
14.329388,1.920092,1.8,2.300549,0.380457,0.371345,0,1,61.761,0.01,0.0,14.8084,189.28,46.9
14.394872,2.698864,1.8,3.12641,0.427546,0.414639,0,1,65.484,0.01,0.0,14.8732,189.28,48.0
14.462404,3.534501,1.8,3.978098,0.443597,0.429191,0,1,67.532,0.01,0.0,14.9366,189.28,48.0
14.52506,4.39971,1.8,4.768294,0.368584,0.360295,0,1,62.656,0.01,0.0,15.0002,189.28,48.0
14.585565,5.187342,1.8,5.531374,0.344032,0.337286,0,1,60.506,0.01,0.0,15.0635,189.28,48.5
14.645365,5.943073,1.8,0.0,0.340112,0.333593,1,1,59.799,0.011,0.0,15.1269,189.28,46.9
14.705761,0.40602,1.8,0.761698,0.355678,0.348226,0,1,60.396,0.01,0.0,15.1923,189.28,47.4
14.766077,1.162696,1.8,1.522393,0.359697,0.351991,0,1,60.317,0.01,0.0,15.2555,189.28,48.5
14.826405,1.91917,1.8,2.283229,0.36406,0.356071,0,1,60.328,0.01,0.0,15.3191,189.28,46.3
14.892156,2.676646,1.8,3.112453,0.435808,0.422143,0,1,65.75,0.01,0.0,15.3836,189.28,48.0
14.961167,3.517412,1.8,3.982801,0.465389,0.44877,0,1,69.011,0.01,0.0,15.4473,189.28,46.9
15.024049,4.406306,1.8,4.775852,0.369546,0.361192,0,1,62.882,0.01,0.0,15.5115,189.28,48.0
15.083992,5.196982,1.8,5.531835,0.334853,0.32863,0,1,59.943,0.01,0.0,15.5757,189.28,46.9
15.14418,5.943869,1.8,0.0,0.339316,0.332842,1,1,60.188,0.011,0.0,15.6388,189.28,46.9
15.204294,0.411511,1.8,0.758132,0.346621,0.339722,0,1,60.113,0.01,0.0,15.7021,189.28,46.3
15.264054,1.162855,1.8,1.511806,0.348952,0.341913,0,1,59.76,0.01,0.0,15.7649,189.28,46.9
15.325217,1.910239,1.8,2.283171,0.372932,0.364347,0,1,61.163,0.01,0.0,15.8291,189.28,48.5
15.391504,2.679968,1.8,3.119167,0.439199,0.425215,0,1,66.287,0.009,0.0,15.8933,189.28,48.0
15.460485,3.528314,1.8,3.989134,0.460819,0.444682,0,1,68.981,0.01,0.0,15.9581,189.28,48.0
15.523988,4.415832,1.8,4.790016,0.374184,0.365513,0,1,63.503,0.009,0.0,16.0213,189.28,46.9
15.58357,5.215276,1.8,5.541446,0.32617,0.320418,0,1,59.582,0.01,0.0,16.0842,189.28,47.4
15.643346,5.955952,1.8,0.0,0.327234,0.321425,1,1,59.776,0.011,0.0,16.1484,189.28,48.5
15.704115,0.416059,1.8,0.766404,0.350346,0.343223,0,1,60.769,0.009,0.0,16.2124,189.28,47.4
15.764284,1.176345,1.8,1.525234,0.348889,0.341854,0,1,60.169,0.01,0.0,16.276,189.28,47.4
15.825585,1.928829,1.8,2.298347,0.369518,0.361166,0,1,61.301,0.01,0.0,16.3409,189.28,48.0
15.892164,2.699621,1.8,3.138011,0.43839,0.424482,0,1,66.578,0.01,0.0,16.4053,189.28,48.0
15.960601,3.551518,1.8,4.001118,0.4496,0.434605,0,1,68.437,0.01,0.0,16.4699,189.28,46.9
16.023647,4.429625,1.8,4.796231,0.366607,0.35845,0,1,63.046,0.01,0.0,16.5326,189.28,46.9
16.083039,5.221751,1.8,5.545267,0.323516,0.317903,0,1,59.392,0.01,0.0,16.5959,189.28,46.9
16.143676,5.959544,1.8,0.0,0.323641,0.318021,1,1,60.637,0.012,0.0,16.6594,189.28,46.3
16.204272,0.429638,1.8,0.764046,0.334409,0.328211,0,1,60.596,0.01,0.0,16.7238,189.28,48.0
16.264158,1.184575,1.8,1.519141,0.334566,0.328359,0,1,59.886,0.01,0.0,16.7876,189.28,46.9
16.325011,1.930697,1.8,2.286417,0.35572,0.348265,0,1,60.852,0.01,0.0,16.8513,189.28,48.0
16.391403,2.693097,1.8,3.12355,0.430453,0.417283,0,1,66.393,0.009,0.0,16.9153,189.28,46.3
16.45985,3.540946,1.8,3.986585,0.445638,0.431034,0,1,68.447,0.01,0.0,16.979,189.28,46.9
16.523241,4.418324,1.8,4.785866,0.367542,0.359322,0,1,63.391,0.01,0.0,17.0424,189.28,48.0
16.583279,5.214978,1.8,5.542878,0.327899,0.322055,0,1,60.038,0.01,0.0,17.1077,189.28,46.9
16.64396,5.961671,1.8,0.0,0.321514,0.316004,1,1,60.68,0.01,0.0,17.1717,189.28,48.5
16.704417,0.431876,1.8,0.761861,0.329985,0.324029,0,1,60.458,0.01,0.0,17.2353,189.28,48.0
16.763649,1.1842,1.8,1.508271,0.324072,0.318429,0,1,59.232,0.01,0.0,17.299,189.28,47.4
16.825374,1.920106,1.8,2.286105,0.365998,0.357882,0,1,61.725,0.01,0.0,17.3629,189.28,47.4
16.891127,2.695517,1.8,3.114704,0.419187,0.407018,0,1,65.754,0.01,0.0,17.4275,189.28,48.0
16.958834,3.532843,1.8,3.967915,0.435072,0.421476,0,1,67.707,0.01,0.0,17.4918,189.28,46.9
17.022452,4.398466,1.8,4.769596,0.37113,0.362669,0,1,63.618,0.01,0.0,17.5554,189.28,46.9
17.082809,5.198715,1.8,5.530194,0.331479,0.325441,0,1,60.357,0.01,0.0,17.6194,189.28,46.9
17.143377,5.950091,1.8,0.0,0.333094,0.326969,1,1,60.568,0.011,0.0,17.6832,189.28,46.9
17.203618,0.421227,1.8,0.758549,0.337322,0.330961,0,1,60.242,0.01,0.0,17.7475,189.28,48.0
17.26287,1.172324,1.8,1.504638,0.332313,0.326231,0,1,59.252,0.01,0.0,17.8116,189.28,48.0
17.325091,1.910103,1.8,2.28811,0.378006,0.369068,0,1,62.221,0.009,0.0,17.876,189.28,48.0
17.390539,2.694178,1.8,3.112216,0.418039,0.405969,0,1,65.448,0.01,0.0,17.9404,189.28,46.9
17.459408,3.527371,1.8,3.979399,0.452028,0.436791,0,1,68.869,0.01,0.0,18.0041,189.28,47.4
17.522979,4.411544,1.8,4.779874,0.36833,0.360058,0,1,63.571,0.01,0.0,18.0688,189.28,46.3
17.583145,5.21063,1.8,5.537462,0.326831,0.321044,0,1,60.165,0.01,0.0,18.1325,189.28,46.3
17.643281,5.958687,1.8,0.0,0.324498,0.318833,1,1,60.137,0.011,0.0,18.1961,189.28,47.4
17.703627,0.422739,1.8,0.759407,0.336668,0.330344,0,1,60.346,0.01,0.0,18.2604,189.28,46.9
17.763334,1.17501,1.8,1.510769,0.335759,0.329486,0,1,59.707,0.01,0.0,18.3239,189.28,47.4
17.824669,1.91913,1.8,2.28262,0.36349,0.355539,0,1,61.335,0.01,0.0,18.3883,189.28,48.0
17.890315,2.689136,1.8,3.108721,0.419585,0.407381,0,1,65.646,0.01,0.0,18.4519,189.28,48.0
17.958491,3.525174,1.8,3.966662,0.441488,0.427286,0,1,68.176,0.01,0.0,18.5152,189.28,46.9
18.02218,4.398184,1.8,4.768139,0.369956,0.361574,0,1,63.689,0.01,0.0,18.5786,189.28,46.9
18.082506,5.19909,1.8,5.527291,0.328201,0.32234,0,1,60.326,0.01,0.0,18.6428,189.28,48.5
18.142816,5.949417,1.8,0.0,0.333769,0.327606,1,1,60.311,0.011,0.0,18.7073,189.28,47.4
18.203333,0.417482,1.8,0.761549,0.344067,0.337319,0,1,60.516,0.01,0.0,18.7708,189.28,47.4
18.262839,1.173351,1.8,1.510389,0.337037,0.330693,0,1,59.506,0.01,0.0,18.8342,189.28,47.4
18.324345,1.915226,1.8,2.284398,0.369173,0.360844,0,1,61.506,0.01,0.0,18.8983,189.28,48.5
18.390865,2.688527,1.8,3.121498,0.432971,0.41957,0,1,66.52,0.01,0.0,18.9622,189.28,48.0
18.458799,3.538533,1.8,3.976397,0.437864,0.424006,0,1,67.934,0.01,0.0,19.0272,189.28,48.0
18.521984,4.407667,1.8,4.771521,0.363854,0.355879,0,1,63.184,0.009,0.0,19.0913,189.28,48.0
18.582603,5.200966,1.8,5.53437,0.333404,0.327261,0,1,60.62,0.01,0.0,19.1546,189.28,48.0
18.642188,5.955991,1.8,0.0,0.327194,0.321387,1,1,59.585,0.011,0.0,19.2183,189.28,48.0
18.703165,0.413718,1.8,0.767188,0.35347,0.346155,0,1,60.977,0.01,0.0,19.2822,189.28,48.5
18.762858,1.177227,1.8,1.518223,0.340996,0.334426,0,1,59.693,0.01,0.0,19.3462,189.28,46.9
18.823744,1.922211,1.8,2.284263,0.362052,0.354194,0,1,60.886,0.01,0.0,19.4107,189.28,48.0
18.890109,2.686291,1.8,3.119241,0.43295,0.419551,0,1,66.365,0.01,0.0,19.4754,189.28,46.9
18.959091,3.534313,1.8,3.987149,0.452836,0.437517,0,1,68.982,0.01,0.0,19.5398,189.28,46.9
19.022768,4.420118,1.8,4.788304,0.368186,0.359924,0,1,63.677,0.01,0.0,19.6034,189.28,48.0
19.082385,5.2205,1.8,5.538377,0.317877,0.312551,0,1,59.617,0.01,0.0,19.6673,189.28,46.9
19.142096,5.959965,1.8,0.0,0.32322,0.317622,1,1,59.711,0.011,0.0,19.7306,189.28,46.9
19.202829,0.418475,1.8,0.763995,0.34552,0.338686,0,1,60.733,0.01,0.0,19.7951,189.28,48.5
19.262829,1.177344,1.8,1.518776,0.341432,0.334837,0,1,60.001,0.009,0.0,19.8581,189.28,48.0
19.323593,1.926251,1.8,2.283155,0.356904,0.349375,0,1,60.764,0.009,0.0,19.9215,189.28,46.9
19.389593,2.687775,1.8,3.113405,0.425631,0.412895,0,1,66.0,0.009,0.0,19.9865,189.28,48.0
19.458442,3.529596,1.8,3.979495,0.449899,0.434875,0,1,68.849,0.01,0.0,20.0502,189.28,48.0
19.521876,4.413052,1.8,4.777468,0.364416,0.356404,0,1,63.434,0.01,0.0,20.1127,189.28,48.0
19.582098,5.209605,1.8,5.535028,0.325424,0.319711,0,1,60.222,0.01,0.0,20.1765,189.28,47.4
19.641655,5.958082,1.8,0.0,0.325104,0.319407,1,1,59.557,0.011,0.0,20.2401,189.28,46.9
19.702707,0.415052,1.8,0.767894,0.352842,0.345567,0,1,61.052,0.01,0.0,20.3046,189.28,46.9
19.762134,1.179372,1.8,1.515359,0.335987,0.329701,0,1,59.427,0.01,0.0,20.368,189.28,48.0
19.823566,1.920057,1.8,2.288036,0.367979,0.35973,0,1,61.432,0.01,0.0,20.432,189.28,48.5
19.889866,2.692184,1.8,3.121944,0.42976,0.416653,0,1,66.3,0.01,0.0,20.4963,189.28,48.0
19.958432,3.538705,1.8,3.984353,0.445647,0.431042,0,1,68.566,0.01,0.0,20.5606,189.28,47.4
20.022249,4.417613,1.8,4.787016,0.369403,0.361059,0,1,63.816,0.01,0.0,20.6257,189.28,48.0
20.083093,5.22,1.8,5.552306,0.332306,0.326224,0,1,60.845,0.01,0.0,20.689,189.28,46.9
20.142283,5.977609,1.8,0.0,0.305576,0.300843,1,1,59.19,0.011,0.0,20.7528,189.28,48.5
20.203278,0.426166,1.8,0.7669,0.340734,0.334179,0,1,60.995,0.01,0.0,20.8167,189.28,48.5
20.262828,1.187348,1.8,1.515624,0.328277,0.322412,0,1,59.55,0.01,0.0,20.8794,189.28,48.0
20.323259,1.928036,1.8,2.275434,0.347398,0.340452,0,1,60.431,0.01,0.0,20.9447,189.28,47.4
20.390083,2.683506,1.8,3.115615,0.432108,0.418786,0,1,66.824,0.01,0.0,21.009,189.28,47.4
20.458742,3.537211,1.8,3.978881,0.44167,0.42745,0,1,68.66,0.01,0.0,21.0733,189.28,46.9
20.522677,4.416454,1.8,4.782736,0.366282,0.358146,0,1,63.934,0.01,0.0,21.1371,189.28,45.8
20.582391,5.219677,1.8,5.533527,0.31385,0.308723,0,1,59.714,0.01,0.0,21.2013,189.28,47.4
20.64304,5.95955,1.8,0.0,0.323635,0.318015,1,1,60.65,0.011,0.0,21.2652,189.28,48.5
20.702546,0.429804,1.8,0.747903,0.318099,0.312761,0,1,59.505,0.01,0.0,21.3296,189.28,47.4
20.762765,1.167928,1.8,1.504782,0.336854,0.330519,0,1,60.219,0.01,0.0,21.3933,189.28,48.5
20.824157,1.918653,1.8,2.276408,0.357755,0.350172,0,1,61.392,0.01,0.0,21.4575,189.28,46.9
20.890633,2.688229,1.8,3.111925,0.423697,0.411133,0,1,66.476,0.009,0.0,21.5213,189.28,46.9
20.958219,3.53571,1.8,3.961399,0.425689,0.412948,0,1,67.586,0.01,0.0,21.5859,189.28,48.0
21.019889,4.397775,1.8,4.736514,0.338739,0.332298,0,1,61.67,0.01,0.0,21.6503,189.28,47.4
21.080615,5.166973,1.8,5.499761,0.332789,0.32668,0,1,60.726,0.01,0.0,21.7144,189.28,49.6
21.140036,5.923199,1.8,0.0,0.359987,0.352262,1,1,59.421,0.011,0.0,21.7775,189.28,46.3
21.200083,0.385307,1.8,0.754975,0.369668,0.361306,0,1,60.047,0.01,0.0,21.8417,189.28,47.4
21.260592,1.140354,1.8,1.515761,0.375407,0.366651,0,1,60.509,0.01,0.0,21.9055,189.28,48.0
21.320733,1.902343,1.8,2.271922,0.369579,0.361223,0,1,60.141,0.01,0.0,21.9693,189.28,48.5
21.387205,2.658559,1.8,3.107687,0.449128,0.43418,0,1,66.472,0.01,0.0,22.0333,189.28,46.9
21.455303,3.511357,1.8,3.963893,0.452536,0.437248,0,1,68.098,0.01,0.0,22.0972,189.28,47.4
21.517239,4.385744,1.8,4.742622,0.356878,0.349351,0,1,61.936,0.01,0.0,22.1605,189.28,48.5
21.57741,5.161955,1.8,5.499156,0.3372,0.330846,0,1,60.171,0.01,0.0,22.225,189.28,45.8
21.637966,5.912146,1.8,0.0,0.371039,0.362584,1,1,60.556,0.011,0.0,22.2887,189.28,48.0
21.698483,0.390679,1.8,0.761171,0.370492,0.362074,0,1,60.517,0.01,0.0,22.3524,189.28,47.4
21.75803,1.151804,1.8,1.510133,0.358329,0.35071,0,1,59.547,0.01,0.0,22.4161,189.28,46.3
21.8191,1.898352,1.8,2.278264,0.379912,0.370838,0,1,61.071,0.01,0.0,22.4807,189.28,46.9
21.884643,2.668309,1.8,3.102643,0.434334,0.420807,0,1,65.543,0.01,0.0,22.5454,189.28,46.9
21.952552,3.506111,1.8,3.956783,0.450673,0.435571,0,1,67.909,0.01,0.0,22.6092,189.28,48.5
22.015651,4.377668,1.8,4.750429,0.372761,0.364188,0,1,63.099,0.011,0.0,22.6728,189.28,48.0
22.075737,5.171731,1.8,5.506174,0.334442,0.328242,0,1,60.086,0.01,0.0,22.7366,189.28,48.0
22.136136,5.920316,1.8,0.0,0.36287,0.354959,1,1,60.4,0.011,0.0,22.8001,189.28,48.0
22.196379,0.395272,1.8,0.757716,0.362444,0.354561,0,1,60.243,0.01,0.0,22.865,189.28,46.9
22.255732,1.151358,1.8,1.504245,0.352887,0.345609,0,1,59.353,0.01,0.0,22.9281,189.28,48.5
22.316579,1.894421,1.8,2.269567,0.375146,0.366409,0,1,60.847,0.01,0.0,22.992,189.28,48.0
22.382829,2.660619,1.8,3.102848,0.442229,0.427955,0,1,66.25,0.01,0.0,23.0563,189.28,48.0
22.451611,3.509125,1.8,3.967967,0.458841,0.44291,0,1,68.782,0.01,0.0,23.1197,189.28,48.0
22.514713,4.393651,1.8,4.761646,0.367995,0.359746,0,1,63.102,0.01,0.0,23.1846,189.28,48.5
22.575721,5.186768,1.8,5.528986,0.342219,0.335578,0,1,61.008,0.01,0.0,23.2491,189.28,48.0
22.635667,5.948404,1.8,0.0,0.334782,0.328563,1,1,59.946,0.011,0.0,23.3123,189.28,48.0
22.695565,0.41213,1.8,0.753402,0.341272,0.334686,0,1,59.898,0.01,0.0,23.3757,189.28,47.4
22.755144,1.159723,1.8,1.5028,0.343077,0.336386,0,1,59.579,0.009,0.0,23.4385,189.28,46.9
22.815762,1.903697,1.8,2.265256,0.361559,0.353733,0,1,60.618,0.01,0.0,23.5036,189.28,47.4
22.882652,2.664314,1.8,3.106606,0.442291,0.428011,0,1,66.89,0.01,0.0,23.5681,189.28,47.4
22.950934,3.521026,1.8,3.965465,0.444439,0.429951,0,1,68.282,0.01,0.0,23.6325,189.28,48.0
23.014354,4.396029,1.8,4.76318,0.367151,0.358957,0,1,63.421,0.01,0.0,23.6961,189.28,47.4
23.074695,5.192981,1.8,5.522147,0.329166,0.323254,0,1,60.34,0.01,0.0,23.7594,189.28,46.9
23.134405,5.943681,1.8,0.0,0.339504,0.33302,1,1,59.711,0.011,0.0,23.8235,189.28,48.5
23.194988,0.405406,1.8,0.762136,0.35673,0.349212,0,1,60.582,0.01,0.0,23.8869,189.28,48.0
23.254451,1.164621,1.8,1.510197,0.345577,0.338739,0,1,59.464,0.01,0.0,23.9503,189.28,46.9
23.315713,1.907636,1.8,2.280884,0.373248,0.364641,0,1,61.262,0.01,0.0,24.0146,189.28,47.4
23.381726,2.678678,1.8,3.111341,0.432663,0.41929,0,1,66.013,0.01,0.0,24.0794,189.28,48.0
23.450424,3.522145,1.8,3.975568,0.453423,0.438045,0,1,68.697,0.01,0.0,24.1442,189.28,46.9
23.514246,4.404419,1.8,4.778462,0.374043,0.365382,0,1,63.822,0.01,0.0,24.2082,189.28,48.0
23.57449,5.207848,1.8,5.536342,0.328494,0.322618,0,1,60.244,0.01,0.0,24.2716,189.28,46.9
23.634057,5.957217,1.8,0.0,0.325969,0.320226,1,1,59.567,0.011,0.0,24.335,189.28,46.9
23.694603,0.414483,1.8,0.761537,0.347054,0.340129,0,1,60.546,0.01,0.0,24.3998,189.28,48.0
23.754919,1.171319,1.8,1.520185,0.348866,0.341832,0,1,60.316,0.01,0.0,24.464,189.28,46.9
23.8152,1.925644,1.8,2.278378,0.352734,0.345465,0,1,60.28,0.01,0.0,24.5277,189.28,46.9
23.880685,2.680284,1.8,3.102048,0.421764,0.409371,0,1,65.486,0.01,0.0,24.5929,189.28,46.9
23.950249,3.51474,1.8,3.977011,0.462271,0.445982,0,1,69.564,0.01,0.0,24.6563,189.28,48.5
24.013337,4.410075,1.8,4.770509,0.360434,0.35268,0,1,63.087,0.01,0.0,24.7194,189.28,48.0
24.073342,5.201446,1.8,5.525246,0.323799,0.318171,0,1,60.005,0.01,0.0,24.7848,189.28,47.4
24.134205,5.946913,1.8,0.0,0.336272,0.32997,1,1,60.863,0.011,0.0,24.8492,189.28,48.0
24.195348,0.422358,1.8,0.769053,0.346696,0.339792,0,1,61.144,0.01,0.0,24.9137,189.28,46.9
24.254728,1.186592,1.8,1.515918,0.329325,0.323405,0,1,59.379,0.01,0.0,24.9769,189.28,48.0
24.314818,1.925371,1.8,2.271727,0.346356,0.339473,0,1,60.091,0.01,0.0,25.0407,189.28,45.2
24.380685,2.676377,1.8,3.100182,0.423805,0.411232,0,1,65.866,0.01,0.0,25.1058,189.28,48.5
24.44918,3.516111,1.8,3.961704,0.445593,0.430993,0,1,68.495,0.01,0.0,25.17,189.28,46.9
24.513278,4.394098,1.8,4.76792,0.373822,0.365176,0,1,64.098,0.01,0.0,25.2332,189.28,46.9
24.573231,5.200957,1.8,5.521997,0.32104,0.315554,0,1,59.953,0.01,0.0,25.2962,189.28,47.4
24.633205,5.945223,1.8,0.0,0.337963,0.331566,1,1,59.974,0.011,0.0,25.3602,189.28,48.5
24.694687,0.409928,1.8,0.773736,0.363808,0.355835,0,1,61.482,0.01,0.0,25.4251,189.28,48.0
24.754246,1.181838,1.8,1.523283,0.341445,0.334849,0,1,59.559,0.01,0.0,25.488,189.28,48.0
24.814455,1.925242,1.8,2.281006,0.355764,0.348307,0,1,60.209,0.01,0.0,25.5526,189.28,48.0
24.881266,2.679591,1.8,3.121811,0.44222,0.427947,0,1,66.811,0.011,0.0,25.6169,189.28,48.0
24.949687,3.535274,1.8,3.982878,0.447604,0.432807,0,1,68.421,0.01,0.0,25.681,189.28,46.9
25.014627,4.412742,1.8,4.800141,0.3874,0.377782,0,1,64.94,0.01,0.0,25.7458,189.28,46.9
25.074872,5.233065,1.8,5.558315,0.325251,0.319546,0,1,60.245,0.01,0.0,25.8091,189.28,48.5
25.134236,5.981798,1.8,0.0,0.301388,0.296845,1,1,59.363,0.011,0.0,25.8725,189.28,47.4
25.194988,0.431672,1.8,0.764556,0.332884,0.32677,0,1,60.752,0.01,0.0,25.937,189.28,46.3
25.25492,1.188244,1.8,1.518796,0.330552,0.324565,0,1,59.932,0.01,0.0,26.0002,189.28,47.4
25.31538,1.934144,1.8,2.279671,0.345527,0.338692,0,1,60.46,0.01,0.0,26.0642,189.28,47.4
25.380901,2.689597,1.8,3.104248,0.414651,0.402871,0,1,65.521,0.01,0.0,26.1286,189.28,46.9
25.450029,3.523014,1.8,3.974216,0.451202,0.436048,0,1,69.128,0.01,0.0,26.1924,189.28,48.5
25.514445,4.410337,1.8,4.784873,0.374536,0.365841,0,1,64.415,0.01,0.0,26.2566,189.28,48.5
25.575069,5.221336,1.8,5.547822,0.326485,0.320716,0,1,60.624,0.01,0.0,26.3205,189.28,48.0
25.63441,5.975033,1.8,0.0,0.308152,0.303299,1,1,59.341,0.011,0.0,26.3847,189.28,46.9
25.695055,0.425976,1.8,0.763208,0.337232,0.330877,0,1,60.645,0.01,0.0,26.4484,189.28,46.9
25.75469,1.182085,1.8,1.513699,0.331613,0.325569,0,1,59.634,0.01,0.0,26.5109,189.28,47.4
25.81491,1.924488,1.8,2.271568,0.34708,0.340154,0,1,60.221,0.01,0.0,26.5746,189.28,48.0
25.881675,2.677264,1.8,3.111788,0.434525,0.420979,0,1,66.764,0.01,0.0,26.6386,189.28,47.4
25.950045,3.530723,1.8,3.97222,0.441497,0.427293,0,1,68.37,0.01,0.0,26.7043,189.28,46.9
26.01469,4.406224,1.8,4.785766,0.379541,0.370494,0,1,64.645,0.01,0.0,26.768,189.28,48.0
26.074557,5.221167,1.8,5.539178,0.318011,0.312678,0,1,59.867,0.01,0.0,26.8314,189.28,46.9
26.134432,5.963759,1.8,0.0,0.319427,0.314022,1,1,59.875,0.01,0.0,26.8946,189.28,48.0
26.194715,0.423557,1.8,0.758152,0.334595,0.328387,0,1,60.283,0.01,0.0,26.9583,189.28,47.4
26.254601,1.174622,1.8,1.511318,0.336696,0.330371,0,1,59.886,0.01,0.0,27.0226,189.28,48.0
26.315665,1.921163,1.8,2.279303,0.35814,0.350533,0,1,61.064,0.009,0.0,27.0866,189.28,46.9
26.381133,2.686702,1.8,3.102676,0.415974,0.404081,0,1,65.468,0.01,0.0,27.1508,189.28,47.4
26.45003,3.519722,1.8,3.96916,0.449438,0.43446,0,1,68.896,0.01,0.0,27.2146,189.28,48.5
26.514376,4.403685,1.8,4.778427,0.374742,0.366033,0,1,64.347,0.01,0.0,27.278,189.28,47.4
26.574237,5.213864,1.8,5.531276,0.317411,0.312108,0,1,59.861,0.01,0.0,27.342,189.28,46.9
26.634269,5.956265,1.8,0.0,0.326921,0.321128,1,1,60.032,0.011,0.0,27.4056,189.28,48.0
26.695186,0.419496,1.8,0.765897,0.3464,0.339514,0,1,60.917,0.01,0.0,27.4706,189.28,47.4
26.755396,1.180838,1.8,1.522904,0.342066,0.335435,0,1,60.21,0.01,0.0,27.5339,189.28,46.9
26.815549,1.932484,1.8,2.279205,0.34672,0.339815,0,1,60.154,0.01,0.0,27.5974,189.28,48.5
26.881286,2.68435,1.8,3.105701,0.421351,0.408994,0,1,65.737,0.01,0.0,27.6626,189.28,46.9
26.950037,3.521918,1.8,3.970087,0.448169,0.433316,0,1,68.75,0.01,0.0,27.7266,189.28,46.9
27.014327,4.403734,1.8,4.778395,0.374662,0.365958,0,1,64.29,0.01,0.0,27.7902,189.28,46.9
27.074327,5.213186,1.8,5.53276,0.319574,0.314162,0,1,60.0,0.01,0.0,27.8544,189.28,47.4
27.134435,5.95774,1.8,0.0,0.325445,0.319731,1,1,60.109,0.011,0.0,27.9181,189.28,47.4
27.195172,0.421634,1.8,0.763342,0.341708,0.335097,0,1,60.736,0.01,0.0,27.9835,189.28,46.9
27.255229,1.179778,1.8,1.518155,0.338377,0.331956,0,1,60.058,0.01,0.0,28.047,189.28,46.9
27.315771,1.928792,1.8,2.279058,0.350265,0.343147,0,1,60.542,0.009,0.0,28.1107,189.28,46.3
27.381554,2.68622,1.8,3.105817,0.419598,0.407393,0,1,65.782,0.01,0.0,28.1748,189.28,46.9
27.450344,3.523996,1.8,3.970381,0.446385,0.431708,0,1,68.79,0.01,0.0,28.2391,189.28,48.5
27.514793,4.405932,1.8,4.78039,0.374458,0.365768,0,1,64.449,0.01,0.0,28.3038,189.28,47.4
27.575353,5.217345,1.8,5.541516,0.32417,0.318522,0,1,60.56,0.01,0.0,28.3679,189.28,46.9
27.635693,5.969775,1.8,0.0,0.31341,0.308304,1,1,60.34,0.011,0.0,28.4317,189.28,46.3
27.696062,0.434136,1.8,0.75848,0.324344,0.318688,0,1,60.368,0.01,0.0,28.4953,189.28,46.9
27.755053,1.184219,1.8,1.499666,0.315447,0.310241,0,1,58.992,0.01,0.0,28.559,189.28,46.9
27.816637,1.915454,1.8,2.273414,0.35796,0.350364,0,1,61.583,0.01,0.0,28.6245,189.28,48.0
27.882406,2.687464,1.8,3.099762,0.412298,0.400716,0,1,65.77,0.01,0.0,28.6889,189.28,48.0
27.951126,3.523546,1.8,3.963176,0.43963,0.425605,0,1,68.72,0.01,0.0,28.7523,189.28,48.0
28.014627,4.403116,1.8,4.761016,0.357899,0.350307,0,1,63.501,0.01,0.0,28.8151,189.28,48.0
28.074281,5.19915,1.8,5.51052,0.311369,0.306363,0,1,59.654,0.01,0.0,28.8784,189.28,47.4
28.134976,5.937783,1.8,0.0,0.345402,0.338575,1,1,60.695,0.011,0.0,28.9428,189.28,46.9
28.195989,0.412968,1.8,0.766586,0.353618,0.346294,0,1,61.013,0.01,0.0,29.0072,189.28,46.9
28.255412,1.176962,1.8,1.513186,0.336224,0.329925,0,1,59.423,0.01,0.0,29.0707,189.28,46.9
28.316523,1.917634,1.8,2.280998,0.363365,0.355421,0,1,61.111,0.009,0.0,29.1348,189.28,48.0
28.382553,2.684802,1.8,3.110617,0.425814,0.413063,0,1,66.03,0.01,0.0,29.1984,189.28,48.0
28.450372,3.527046,1.8,3.962709,0.435663,0.422011,0,1,67.819,0.01,0.0,29.263,189.28,48.0
28.514944,4.39423,1.8,4.774009,0.379779,0.370715,0,1,64.572,0.01,0.0,29.3276,189.28,46.9
28.575937,5.208307,1.8,5.540342,0.332036,0.325968,0,1,60.993,0.01,0.0,29.3919,189.28,48.5
28.635166,5.96771,1.8,0.0,0.315475,0.310268,1,1,59.229,0.01,0.0,29.4552,189.28,46.9
28.695537,0.418711,1.8,0.758395,0.339684,0.333189,0,1,60.37,0.009,0.0,29.5194,189.28,46.9
28.75555,1.171882,1.8,1.512315,0.340433,0.333896,0,1,60.014,0.009,0.0,29.5839,189.28,48.5
28.816521,1.920758,1.8,2.278252,0.357494,0.349928,0,1,60.97,0.009,0.0,29.6482,189.28,48.0
28.882613,2.684991,1.8,3.108524,0.423533,0.410984,0,1,66.092,0.01,0.0,29.7122,189.28,46.9
28.950383,3.52754,1.8,3.959891,0.432351,0.419007,0,1,67.771,0.01,0.0,29.7771,189.28,46.3
29.015272,4.393398,1.8,4.775045,0.381647,0.37245,0,1,64.888,0.01,0.0,29.8403,189.28,48.0
29.074632,5.211854,1.8,5.520759,0.308905,0.304016,0,1,59.361,0.01,0.0,29.9044,189.28,46.9
29.134894,5.946371,1.8,0.0,0.336815,0.330483,1,1,60.261,0.011,0.0,29.9675,189.28,48.0
29.195234,0.414427,1.8,0.758115,0.343688,0.336962,0,1,60.34,0.01,0.0,30.0313,189.28,48.0
29.255108,1.168022,1.8,1.510378,0.342357,0.335708,0,1,59.875,0.01,0.0,30.0948,189.28,46.9
29.316288,1.915538,1.8,2.279033,0.363496,0.355544,0,1,61.179,0.01,0.0,30.159,189.28,46.9
29.381833,2.683589,1.8,3.102551,0.418962,0.406812,0,1,65.546,0.009,0.0,30.2246,189.28,48.5
29.45109,3.518222,1.8,3.972698,0.454476,0.438991,0,1,69.257,0.01,0.0,30.2884,189.28,46.3
29.514572,4.407913,1.8,4.770278,0.362365,0.354487,0,1,63.481,0.01,0.0,30.3519,189.28,48.5
29.574644,5.204631,1.8,5.525027,0.320395,0.314942,0,1,60.072,0.01,0.0,30.4162,189.28,48.5
29.635398,5.950251,1.8,0.0,0.332934,0.326817,1,1,60.753,0.011,0.0,30.4794,189.28,46.9
29.695109,0.423663,1.8,0.750096,0.326433,0.320666,0,1,59.711,0.01,0.0,30.5451,189.28,48.0
29.755386,1.165996,1.8,1.507302,0.341306,0.334718,0,1,60.277,0.01,0.0,30.6083,189.28,48.0
29.815764,1.918329,1.8,2.265783,0.347454,0.340505,0,1,60.379,0.01,0.0,30.6725,189.28,47.4
29.882467,2.673152,1.8,3.103707,0.430555,0.417375,0,1,66.703,0.01,0.0,30.7368,189.28,46.9
29.951048,3.524981,1.8,3.965232,0.440251,0.426167,0,1,68.581,0.01,0.0,30.8009,189.28,46.9
